1002
1003
1005
1009
1013
1021
1029
103
1034
1036
1052
1053
1057
1061
1064
1078
1080
1084
1088
1090
112
113
115
116
124
126
127
129
133
134
14
145
148
15
155
157
160
161
18
187
189
191
197
2
200
203
204
206
223
234
236
238
240
253
261
262
267
271
274
282
285
29
3
303
310
311
314
317
324
329
332
333
334
354
355
37
376
378
381
390
393
395
402
406
41
418
421
422
423
425
445
459
46
460
465
468
479
486
489
491
50
509
519
522
525
542
559
56
566
571
572
575
585
596
597
602
604
606
608
616
635
639
641
644
656
659
664
669
671
673
675
680
690
698
704
705
707
71
718
719
727
731
736
744
750
754
761
763
769
771
772
775
777
78
789
792
799
808
811
814
821
825
827
828
829
831
837
838
839
84
840
844
862
866
868
869
87
872
873
875
876
877
882
886
89
896
899
906
915
918
924
935
936
943
951
96
960
963
966
975
980
986
991
993
997
