1008
1011
1014
1015
102
1034
1038
1041
1054
1055
1059
1060
1067
107
1071
1072
1075
1077
1078
1079
1085
1095
1100
1103
1106
1115
1120
1123
113
1130
1132
1141
1153
1156
1184
1186
1189
1195
1197
1199
1207
121
1218
1220
1221
1224
1227
1232
1238
1240
1264
1274
128
1294
1300
131
1313
1314
1315
1318
1321
1325
133
1339
134
1341
1346
1347
1349
135
1356
1357
1359
137
1377
1386
1388
1396
1401
1407
1408
1429
1435
1451
1461
1487
1488
1492
1495
15
1500
1505
1514
1517
1519
152
1524
1526
1527
1530
1532
1543
1545
155
1551
1555
1558
1562
1565
1567
1586
1589
1601
1603
1605
1610
1611
1615
1619
1623
1624
1630
1637
1638
1640
1643
1647
1648
1653
1658
1670
1677
1680
1688
1695
1726
1727
1735
1737
1738
1741
1743
1766
1769
1775
1785
1788
180
1802
1803
1812
1822
183
1840
1845
1848
1860
1869
1874
1875
1888
1892
1907
1908
1916
1919
192
1923
1928
1931
1932
1935
1937
1942
1959
1970
1978
1987
1988
1994
1999
2015
2021
2030
2033
2034
2038
2042
2046
2047
2052
2054
2059
2067
2074
2085
2088
209
2090
2091
2095
2097
2100
2116
2135
2140
2143
2157
2159
2167
2168
2178
2194
2195
2214
2215
2217
2234
224
2244
2245
226
2263
2267
228
2297
2302
231
2316
2323
2326
2334
2341
235
2354
2371
2375
2376
2377
2383
240
2400
2401
2403
2412
2416
242
2421
2422
2427
2444
2449
2460
2466
2477
2478
2479
2481
2483
2512
2516
2517
2521
2528
2534
2537
2543
2544
2545
2547
2554
2569
2572
2578
2581
2589
2593
2594
26
2620
2625
2632
2634
2640
2644
2647
2649
2652
2656
2657
2658
2669
2695
2697
2702
2709
2718
272
2723
2727
273
2731
2738
2746
2750
2751
2753
2755
2759
2760
2768
2773
2774
2777
2780
2782
2784
2786
2798
2801
2802
2805
2809
2813
2821
2825
2826
2830
2832
287
289
304
308
309
317
318
323
327
329
336
34
358
36
360
376
386
388
398
399
4
40
401
403
409
42
423
429
434
442
456
459
460
464
470
473
484
490
495
497
504
514
515
526
531
54
547
550
587
588
589
591
593
596
603
608
610
612
621
627
629
63
641
648
655
672
678
68
698
699
708
716
721
723
729
741
746
748
755
76
772
773
774
777
778
779
784
79
797
799
8
81
810
818
82
827
833
839
848
859
86
861
865
870
871
877
878
88
884
887
889
904
911
919
92
920
921
926
930
932
945
947
96
965
973
975
979
980
983
984
990
991
994
995
996
998
