gene-name	is-regulator	avg-all	avg-nonresp	avg-respond	avg-diff	t-pval	t-stat	wilcox-pval	wilcox-stat	num-repeats-all	num-repeats-nonresp	num-repeats-respond
MSN	0	5.49	5.03	6.09	-1.05	0.0107	-2.71	0.0129	76	2	1	1
FAM134C	0	4.45	4.42	4.72	-0.301	0.0137	-2.67	0.00229	58	2	2	1
IFITM2	0	5.95	5.53	6.61	-1.08	0.0202	-2.45	0.0277	84	2	1	1
ANXA6	0	4.96	4.55	5.38	-0.828	0.0235	-2.38	0.0302	85	1	1	1
SERINC3	0	5.21	5.2	5.57	-0.373	0.0244	-2.37	0.0545	92	2	1	1
MAP3K9	0	1.56	1.73	1.28	0.448	0.0246	2.35	0.0302	215	2	1	1
SIGLEC1	0	1.41	1.49	0.955	0.539	0.0284	2.31	0.0512	209	2	1	2
SPG20	0	2.13	1.92	2.49	-0.57	0.0333	-2.23	0.033	86	2	1	1
LILRB5	0	1.11	1.21	0.739	0.466	0.0431	2.13	0.158	193	2	1	1
TSPAN7	0	2.83	2.48	3.23	-0.756	0.044	-2.1	0.0302	85	2	1	1
CNN2	0	4.79	4.25	5.16	-0.914	0.045	-2.08	0.0404	88	2	2	1
PDK4	0	2.5	1.95	2.74	-0.784	0.0461	-2.08	0.023	82	1	1	1
PLTP	0	4	3.67	4.77	-1.09	0.0479	-2.06	0.0302	85	2	1	1
CCL8	0	0.797	0.937	0.465	0.472	0.0497	2.06	0.113	198	2	1	2
RAB42	0	1.21	1.32	0.882	0.442	0.0499	2.04	0.0512	209	2	1	2
ARHGDIB	0	5.9	5.8	6.62	-0.823	0.0563	-1.98	0.107	101	2	1	1
ZADH2	0	2.39	2.63	2.3	0.328	0.0564	1.99	0.0372	213	2	2	1
LGALS1	0	7.09	6.6	7.55	-0.944	0.0586	-1.96	0.0891	98.5	2	1	1
GLIPR1	0	1.77	1.59	2.32	-0.732	0.0633	-1.96	0.0994	100	2	1	1
ST6GALNAC6	0	4.18	4.04	4.43	-0.391	0.0635	-1.92	0.131	104	2	1	1
GSTP1	0	5.45	5.05	6.11	-1.07	0.0682	-1.89	0.08	97	2	1	1
NBR1	0	5.04	5	5.32	-0.322	0.0714	-1.86	0.0692	95	2	1	2
PSME2	0	6.45	6.73	6.34	0.392	0.0728	1.85	0.0473	210	3	1	1
KCNJ5	0	0.717	0.807	0.508	0.3	0.0734	1.86	0.24	186	2	1	1
ITM2B	0	5.28	5.29	5.83	-0.535	0.0736	-1.85	0.08	97	2	1	1
TAPT1	0	2.62	2.44	2.8	-0.363	0.0747	-1.86	0.129	104	2	1	2
GSK3B	0	3.52	3.61	3.26	0.348	0.0757	1.83	0.11	198	2	1	1
ITM2A	0	2.97	3.15	4.32	-1.17	0.0773	-1.82	0.0503	91	2	1	1
SULF2	0	2.98	2.64	3.2	-0.555	0.0785	-1.82	0.0718	95.5	2	1	1
ELK3	1	3.25	3.22	3.69	-0.461	0.0814	-1.8	0.0463	90	2	1	1
PDLIM2	0	1.95	1.86	2.21	-0.353	0.0854	-1.77	0.0994	100	2	1	1
GIMAP8	0	1.86	1.88	2.35	-0.47	0.0858	-1.78	0.029	84	2	2	1
POU3F3	1	0.143	0.0505	0.0138	0.0367	0.0897	1.78	0.309	181	3	2	2
CCNK	0	1.79	1.87	1.56	0.306	0.0916	1.74	0.107	199	2	1	1
PECAM1	0	3.82	3.82	4.41	-0.591	0.0922	-1.74	0.0638	94	2	1	1
GIMAP4	0	3.27	3.21	3.87	-0.657	0.095	-1.72	0.0743	96	2	1	1
SIRPA	0	2.7	2.36	2.86	-0.497	0.0957	-1.72	0.149	106	1	1	1
BRCA1	1	1.83	1.7	1.35	0.342	0.0986	1.71	0.106	199	2	2	1
CNPPD1	0	4.99	5.06	5.38	-0.321	0.0986	-1.71	0.117	102	2	1	1
ELL	0	2.74	2.79	3.01	-0.219	0.102	-1.69	0.059	93	2	1	1
DHX33	0	2.59	2.72	2.44	0.276	0.105	1.68	0.0266	217	2	2	2
LPAR6	0	3.15	3.1	3.58	-0.48	0.105	-1.67	0.131	104	2	1	1
ITGA5	0	3.64	3.34	3.8	-0.462	0.107	-1.66	0.0277	84	1	1	1
ZEB2	1	2.06	1.97	2.38	-0.415	0.122	-1.59	0.08	97	2	1	1
TEX2	0	3.65	3.56	3.83	-0.279	0.122	-1.59	0.283	117	2	1	1
MSR1	0	1.87	2	1.48	0.515	0.123	1.59	0.314	181	2	1	1
GPR183	0	1.58	1.37	1.98	-0.614	0.124	-1.6	0.202	111	2	1	1
MYL12A	0	6.94	6.78	7.13	-0.35	0.124	-1.58	0.211	112	3	1	1
LMLN	0	1.69	1.83	1.52	0.303	0.127	1.57	0.167	192	2	1	2
GLI1	1	1.17	1.08	1.48	-0.407	0.128	-1.56	0.08	97	2	1	1
IL4R	0	3.53	3.46	3.95	-0.494	0.132	-1.55	0.227	113	2	1	1
RBMS1	0	2.88	2.82	3.22	-0.393	0.133	-1.54	0.283	117	2	1	1
CCL14	0	1.65	1.38	2.02	-0.632	0.136	-1.54	0.131	104	2	1	1
LDHB	0	5.82	5.36	6.12	-0.754	0.138	-1.52	0.158	107	2	1	1
TNFRSF1A	0	4.82	4.63	5.05	-0.422	0.139	-1.52	0.224	113	2	2	1
ARHGAP42	0	1.16	1.04	1.29	-0.248	0.14	-1.51	0.107	101	2	1	1
PLEKHO2	0	3	2.86	3.28	-0.419	0.146	-1.49	0.0743	96	2	1	1
WISP2	0	0.964	0.856	1.29	-0.429	0.148	-1.49	0.0861	98	2	1	1
LXN	0	3.91	3.55	4.28	-0.726	0.149	-1.48	0.283	117	2	1	1
FLT3LG	0	1.9	1.77	2.18	-0.413	0.15	-1.48	0.227	113	2	1	1
RABGAP1	0	3.65	3.56	3.78	-0.222	0.15	-1.47	0.254	115	4	1	1
PSME3	0	4.68	4.79	4.53	0.262	0.151	1.48	0.149	194	3	1	1
ST3GAL2	0	1.89	1.78	2.03	-0.245	0.159	-1.45	0.158	107	2	1	1
MNT	1	2.86	2.81	3.02	-0.214	0.161	-1.43	0.279	117	2	1	2
VMO1	0	1.34	1.5	1.18	0.326	0.162	1.43	0.382	177	2	1	1
DCAF16	0	3.34	3.28	3.55	-0.27	0.164	-1.43	0.152	106	2	1	2
MLEC	0	6.11	6.49	6.08	0.409	0.166	1.42	0.283	183	2	1	1
CNRIP1	0	1.59	1.51	1.87	-0.355	0.17	-1.4	0.0638	94	2	1	1
T	1	0.291	0.0395	0.149	-0.11	0.173	-1.43	0.433	126	4	2	1
FCGRT	0	5.35	5.21	5.62	-0.412	0.174	-1.39	0.224	113	2	1	2
SMARCC1	1	4.8	4.85	4.61	0.248	0.18	1.38	0.254	185	2	1	1
HECA	0	2.81	2.7	3	-0.306	0.18	-1.38	0.33	120	1	1	1
CD209	0	0.856	0.91	0.674	0.236	0.182	1.36	0.286	182	2	1	1
XPO5	0	3.66	3.67	3.41	0.265	0.183	1.36	0.122	197	2	1	1
LAPTM5	0	5.26	5.02	5.72	-0.704	0.185	-1.35	0.283	117	2	1	1
LITAF	0	5.25	5.21	5.53	-0.327	0.186	-1.36	0.301	118	2	1	1
RB1	0	3.06	3.16	3.49	-0.324	0.19	-1.34	0.283	117	2	1	1
B4GALT5	0	3.96	3.7	3.97	-0.271	0.191	-1.34	0.158	107	2	1	1
BAX	0	4.78	4.88	4.63	0.257	0.195	1.33	0.0994	200	2	1	1
SAMHD1	0	3.83	3.72	4.13	-0.405	0.197	-1.32	0.227	113	2	1	1
C22orf46	0	2.3	2.53	2.25	0.275	0.198	1.33	0.107	199	3	1	1
WSCD1	0	0.75	0.518	0.726	-0.208	0.198	-1.32	0.158	107	2	1	1
HNRNPA3	0	5.85	6.04	5.76	0.276	0.199	1.31	0.227	187	2	1	1
IFT81	0	2.1	2.19	1.96	0.235	0.2	1.31	0.419	175	3	1	1
APEX1	0	6.96	7.11	6.85	0.261	0.2	1.31	0.121	197	3	2	1
CLPTM1L	0	5.61	5.53	5.72	-0.196	0.201	-1.31	0.325	120	2	2	1
ZBED4	1	2.59	2.71	2.47	0.239	0.204	1.3	0.177	191	3	2	1
MRFAP1	0	6.92	6.89	7.13	-0.236	0.204	-1.3	0.271	116	3	1	1
NARS	0	5.34	5.49	5.23	0.262	0.205	1.3	0.271	184	2	1	1
RCOR1	0	3.29	3.36	3.06	0.3	0.205	1.31	0.202	189	1	1	1
TNFRSF1B	0	2.8	2.62	3.11	-0.485	0.211	-1.28	0.149	106	2	1	1
TMEM150B	0	0.941	1.01	0.719	0.289	0.212	1.27	0.479	172	2	1	1
ADA	0	2.26	2.16	2.5	-0.338	0.213	-1.27	0.131	104	1	1	1
RASA3	0	2.6	2.54	2.91	-0.368	0.213	-1.27	0.268	116	2	1	1
LMO2	0	2.9	2.84	3.28	-0.447	0.215	-1.26	0.179	109	2	1	1
MFNG	0	2.23	2.18	2.61	-0.425	0.219	-1.26	0.114	102	1	1	1
BATF2	1	1.05	1.16	0.837	0.324	0.22	1.26	0.78	159	2	1	1
SUDS3	0	4.11	4.3	4.04	0.253	0.22	1.25	0.377	177	2	1	2
EMP3	0	4.08	3.75	4.33	-0.577	0.223	-1.24	0.0994	100	1	1	1
CCL3	0	2.09	2.05	1.59	0.46	0.225	1.24	0.521	170	2	1	1
CD40	0	2.45	2.43	2.86	-0.425	0.226	-1.23	0.179	109	2	1	1
PATL1	0	3.69	3.65	3.43	0.221	0.226	1.23	0.214	188	1	1	1
S100A11	0	8.36	8.29	8.75	-0.452	0.227	-1.23	0.317	120	4	2	2
ENTPD1	0	2.71	2.62	2.95	-0.328	0.228	-1.23	0.24	114	2	1	1
SLC43A3	0	3.02	2.77	3.19	-0.412	0.228	-1.23	0.139	105	1	1	1
TNPO2	0	4.2	4.12	4.3	-0.182	0.232	-1.22	0.149	106	2	1	1
FAM168B	0	4.47	4.31	4.67	-0.354	0.235	-1.21	0.4	124	2	1	1
WARS	0	4.67	4.83	4.59	0.248	0.236	1.21	0.438	174	2	1	1
SH3KBP1	0	2.49	2.39	2.71	-0.316	0.24	-1.2	0.227	113	2	1	1
TRIM22	0	3.26	3.11	3.65	-0.532	0.24	-1.2	0.24	114	2	1	1
ZNF653	1	2.22	2.17	2.42	-0.25	0.242	-1.2	0.107	101	2	1	1
H1F0	0	7.2	7.02	7.39	-0.37	0.244	-1.19	0.395	124	3	2	1
LEPR	0	1.12	1.05	1.4	-0.35	0.25	-1.18	0.0994	100	2	1	1
RPL4	0	8.84	8.91	9.12	-0.203	0.252	-1.17	0.25	115	4	2	2
SLC17A9	0	1.46	1.63	1.2	0.425	0.254	1.16	0.633	165	2	1	1
CPNE2	0	3.41	3.17	3.51	-0.341	0.26	-1.15	0.237	114	2	1	2
FCHSD2	0	2.48	2.35	2.62	-0.268	0.262	-1.14	0.309	119	2	1	2
CALM3	0	6.92	6.76	6.96	-0.194	0.27	-1.13	0.433	126	3	2	1
GBP2	0	3.55	3.44	3.95	-0.511	0.272	-1.12	0.24	114	2	1	1
GIMAP1	0	1.43	1.5	1.83	-0.323	0.272	-1.12	0.298	118	2	1	1
WDR31	0	1.36	1.43	1.23	0.202	0.273	1.12	0.4	176	2	1	1
VEZF1	1	3.84	3.51	3.79	-0.282	0.274	-1.11	0.438	126	2	1	1
ZBED2	1	0.293	0.475	0.195	0.28	0.274	1.12	0.705	162	2	1	1
TAX1BP3	0	4.9	4.77	5.09	-0.326	0.274	-1.11	0.4	124	2	1	1
CMTM3	0	3.3	3.3	3.62	-0.314	0.278	-1.1	0.438	126	2	1	1
ICAM2	0	1.98	1.95	2.3	-0.346	0.279	-1.1	0.158	107	2	1	1
TMSB4X	0	8.69	8.47	8.97	-0.495	0.28	-1.1	0.237	114	3	1	2
QSER1	0	1.68	1.57	1.85	-0.276	0.288	-1.08	0.227	113	2	1	1
LPAR5	0	0.951	1.17	0.905	0.261	0.29	1.08	0.364	178	2	1	1
MGAT5	0	3.16	2.95	3.26	-0.307	0.29	-1.07	0.499	129	2	1	1
JRKL	0	2.44	2.55	2.73	-0.181	0.293	-1.07	0.438	126	2	1	1
ICAM1	0	2.9	2.68	3.03	-0.356	0.295	-1.06	0.158	107	2	1	1
TLR7	0	0.73	0.853	0.669	0.184	0.296	1.06	0.705	162	2	1	1
TAF15	0	5.68	5.69	6.05	-0.364	0.297	-1.06	0.438	126	2	1	1
TMEM164	0	3.48	3.43	3.2	0.225	0.3	1.05	0.268	184	2	1	1
TREM2	0	2.66	2.72	2.26	0.463	0.303	1.05	0.587	167	2	1	1
SLFN12	0	0.937	0.893	1.06	-0.168	0.304	-1.04	0.179	109	2	1	1
AGPAT4	0	0.794	0.6	0.796	-0.196	0.307	-1.05	0.521	130	2	1	1
NKX2-1	1	0.918	0.458	0.742	-0.284	0.311	-1.03	0.214	112	2	1	1
KRBA2	0	1.28	1.35	1.15	0.195	0.311	1.03	0.499	171	2	1	1
ORMDL3	0	4.56	4.59	4.82	-0.231	0.315	-1.02	0.347	121	2	1	1
SNAPC4	1	2.85	2.97	2.68	0.29	0.319	1.01	0.726	161	2	1	2
NEK4	0	2.48	2.47	2.3	0.175	0.319	1.01	0.438	174	2	1	1
FEZ1	0	1.97	1.68	1.94	-0.262	0.319	-1.01	0.254	115	2	1	1
AMBRA1	0	2.94	2.84	2.98	-0.146	0.324	-1	0.301	118	3	2	1
TSPAN4	0	3.67	3.54	3.85	-0.307	0.324	-1	0.33	120	2	1	1
GNAI2	0	5.65	5.57	5.81	-0.232	0.334	-0.98	0.214	112	2	1	1
PGPEP1	0	2.44	2.65	2.49	0.162	0.334	0.982	0.438	174	2	1	1
ONECUT1	1	0.185	0.117	0.0476	0.0696	0.336	0.979	0.257	184	3	1	1
APOBEC3C	0	2.78	2.61	3	-0.388	0.337	-0.974	0.202	111	2	1	1
CTSZ	0	6.99	6.93	7.16	-0.229	0.337	-0.975	0.564	132	2	1	1
DYNLL2	0	4.84	4.89	5.09	-0.2	0.338	-0.973	0.499	129	2	1	1
PLCB4	0	2.37	2.26	2.57	-0.313	0.338	-0.973	0.202	111	2	1	1
RASSF1	0	3.68	3.71	3.92	-0.219	0.338	-0.975	0.479	128	2	1	1
SIGLEC8	0	0.779	0.962	0.695	0.267	0.34	0.968	0.633	165	2	1	1
LGMN	0	5.96	6.04	5.75	0.291	0.344	0.961	0.24	186	2	1	1
ATXN7L3B	0	4.44	4.4	4.62	-0.214	0.345	-0.959	0.24	114	2	1	1
GLIPR2	0	3.91	3.76	4.06	-0.297	0.345	-0.96	0.701	138	2	2	1
POLDIP3	0	4.69	4.71	4.88	-0.171	0.352	-0.947	0.364	122	3	1	1
VSIG4	0	1.97	2.09	1.71	0.379	0.357	0.935	0.705	162	2	1	1
IL2RG	0	3	2.96	3.5	-0.539	0.358	-0.932	0.254	115	1	1	1
RSF1	0	2.51	2.46	2.61	-0.146	0.362	-0.926	0.479	128	2	1	1
CD4	0	3.35	3.2	3.58	-0.375	0.362	-0.924	0.382	123	2	1	1
ILF3	0	5.41	5.36	5.52	-0.162	0.368	-0.913	0.158	107	2	1	1
EMILIN2	0	1.71	1.6	1.8	-0.206	0.37	-0.913	0.542	131	2	1	1
ANPEP	0	2.76	2.62	2.09	0.524	0.371	0.907	0.73	161	1	1	1
TSTD2	0	2.05	2.1	1.94	0.157	0.372	0.906	0.217	188	2	1	1
NOLC1	0	4.94	4.99	4.79	0.198	0.373	0.904	0.458	173	3	1	1
ZNF613	1	2.91	3.08	3.41	-0.326	0.375	-0.9	0.4	124	2	1	1
CCL4L2	0	1.09	1.09	0.849	0.24	0.375	0.904	0.73	139	1	1	1
CS	0	6.18	6.25	6.09	0.158	0.376	0.898	0.764	160	3	1	1
AFG3L2	0	4.15	4.17	3.98	0.191	0.376	0.9	0.334	180	2	1	1
IL27RA	0	1.7	1.79	2.03	-0.244	0.376	-0.899	0.4	124	2	1	1
CBX2	0	2.33	2.35	2.02	0.326	0.377	0.896	0.438	174	1	1	1
MNS1	0	1.66	1.65	1.46	0.186	0.377	0.897	0.755	160	2	1	1
MSI2	0	3.59	3.55	3.73	-0.178	0.377	-0.895	0.479	128	2	1	1
RBMX	0	5.83	5.7	5.86	-0.16	0.377	-0.896	0.347	121	2	1	1
PPME1	0	4.82	4.74	4.94	-0.195	0.379	-0.892	0.438	126	1	1	1
APOL3	0	2.65	2.74	3.08	-0.34	0.38	-0.891	0.283	117	2	1	1
GNG2	0	1.96	1.82	2.12	-0.301	0.383	-0.885	0.114	102	2	1	1
ADORA3	0	1.15	1.2	0.967	0.235	0.384	0.882	0.458	173	2	1	1
LSP1	0	3.06	2.85	3.32	-0.472	0.385	-0.882	0.334	120	2	1	1
MARCH6	0	4.39	4.27	4.4	-0.133	0.386	-0.879	0.755	140	2	1	1
BECN1	0	4.77	4.94	4.79	0.149	0.392	0.869	0.364	178	3	1	1
SLC9A9	0	2.11	2.02	2.33	-0.309	0.394	-0.865	0.438	126	3	1	1
FXYD5	0	3.75	3.61	3.94	-0.33	0.395	-0.862	0.283	117	2	1	1
HLA-DMB	0	4.26	4.52	5.01	-0.492	0.396	-0.861	0.314	119	1	1	1
NAF1	0	2.41	2.49	2.33	0.164	0.396	0.861	0.188	190	3	2	1
SUPT16H	0	4.8	4.81	4.68	0.133	0.406	0.841	0.479	172	2	1	1
HELZ	0	2.5	2.48	2.61	-0.135	0.406	-0.845	0.458	127	2	1	1
SOCS3	0	2.51	2.3	2.68	-0.388	0.407	-0.843	0.4	124	2	1	1
ZNF664	1	5.41	5.69	5.46	0.23	0.41	0.835	0.499	171	2	1	1
RAB35	0	4.02	4.05	4.16	-0.111	0.41	-0.835	0.419	125	2	1	1
KATNAL1	0	1.36	1.2	1.3	-0.104	0.41	-0.834	0.122	103	2	1	1
HNRNPM	0	6.33	6.31	6.46	-0.144	0.414	-0.827	0.405	124	3	1	2
TXLNA	0	4.41	4.43	4.3	0.128	0.414	0.829	0.564	168	2	1	1
IL21R	0	0.892	1.12	0.893	0.229	0.416	0.825	0.657	164	2	1	1
HCST	0	2.67	2.51	2.9	-0.389	0.417	-0.823	0.243	114	2	1	1
ENO1	0	8.95	8.94	8.71	0.229	0.422	0.813	0.505	170	4	2	2
IFNAR2	0	2.76	2.77	2.95	-0.187	0.423	-0.812	0.268	116	2	1	1
CCL4	0	1.84	1.89	1.6	0.298	0.424	0.81	0.657	164	2	1	1
SEMA7A	0	1.45	1.41	1.68	-0.267	0.424	-0.81	0.227	113	2	1	1
CLEC2B	0	1.95	1.94	2.23	-0.291	0.425	-0.808	0.227	113	2	1	1
BCL6B	1	2.28	2.22	2.53	-0.302	0.426	-0.807	0.191	110	2	1	1
ATXN1L	0	2.53	2.69	2.54	0.15	0.426	0.805	0.78	159	2	1	1
MAPRE1	0	5.5	5.36	5.46	-0.107	0.426	-0.806	0.587	133	2	1	1
IFI27	0	4.96	5.11	4.69	0.418	0.428	0.803	0.364	178	2	1	1
TGFBI	0	4.75	4.27	4.62	-0.347	0.432	-0.796	0.419	125	2	1	1
EBI3	0	1.13	1.31	1.03	0.282	0.433	0.795	0.815	158	2	1	1
FOLR2	0	2.92	2.97	2.62	0.348	0.437	0.786	0.438	174	1	1	1
EIF4B	0	7.16	7.12	7.3	-0.172	0.437	-0.788	0.347	121	3	1	1
CSF1R	0	2.98	2.78	3.11	-0.325	0.439	-0.784	0.438	126	2	1	1
LILRB4	0	1.72	1.72	1.47	0.249	0.44	0.782	0.78	159	2	1	1
GLYR1	0	5.13	5.16	5.29	-0.129	0.44	-0.782	0.298	118	2	1	1
DUSP16	0	3.83	4.04	3.8	0.24	0.44	0.783	0.961	148	1	1	1
TRAF3IP1	0	2.6	2.73	2.59	0.14	0.44	0.784	0.419	175	2	1	1
HNRNPF	0	6.43	6.34	6.53	-0.186	0.442	-0.778	0.633	135	2	1	1
SIGLEC7	0	1.03	1.03	0.856	0.177	0.442	0.778	0.521	170	1	1	1
CRKL	0	3.94	3.9	4.05	-0.144	0.443	-0.777	0.254	115	2	1	1
ABI3	0	2.33	2.33	2.54	-0.209	0.444	-0.775	0.268	116	2	1	1
FAM198A	0	0.833	0.786	0.92	-0.133	0.445	-0.773	0.364	122	2	1	1
MS4A4A	0	2.34	2.46	2.15	0.304	0.446	0.771	0.382	177	2	1	1
GMFG	0	3.21	3.17	3.57	-0.402	0.446	-0.772	0.314	119	2	1	1
RASL10B	0	0.997	0.972	1.22	-0.248	0.449	-0.77	0.61	134	2	1	1
GPR34	0	1.78	1.89	1.64	0.249	0.449	0.766	0.364	178	2	1	1
ZNF850	0	0.987	0.946	0.855	0.0912	0.45	0.765	0.458	173	2	1	1
FPR3	0	2.22	2.29	2.05	0.243	0.451	0.763	0.61	166	1	1	1
DNAJC15	0	1.41	1.4	1.61	-0.209	0.46	-0.748	0.4	124	1	1	1
MAPRE2	0	2.83	2.61	2.81	-0.201	0.461	-0.746	0.542	131	2	1	1
SH3BP5L	0	3.71	3.7	3.83	-0.127	0.462	-0.744	0.458	127	2	1	1
CD163	0	2.44	2.42	2.1	0.327	0.47	0.732	0.681	163	2	1	1
CCT6A	0	6.25	6.38	6.24	0.134	0.473	0.727	0.805	158	2	1	1
SLFN11	0	2.08	1.95	2.16	-0.211	0.474	-0.725	0.419	125	2	1	1
RAB39A	0	0.653	0.527	0.391	0.136	0.474	0.726	0.61	166	1	1	1
APOL2	0	3.84	3.94	4.11	-0.167	0.476	-0.722	0.499	129	1	1	1
TRIM14	0	3.89	4.15	3.96	0.195	0.476	0.722	0.479	172	2	1	1
HLA-DQB1	0	4.57	5.06	4.63	0.425	0.477	0.72	0.587	167	2	1	1
SLC25A20	0	3.14	3.36	3.14	0.221	0.484	0.709	0.368	178	2	1	1
ZC3H4	1	3.33	3.18	3.28	-0.104	0.488	-0.702	0.657	136	2	1	1
TBC1D5	0	2.93	2.94	3.07	-0.134	0.488	-0.702	0.414	125	2	1	1
FAM129B	0	5.57	5.52	5.68	-0.157	0.49	-0.698	0.657	136	2	1	1
ZNF770	1	3.5	3.6	3.79	-0.184	0.491	-0.696	0.364	122	2	1	1
RANGAP1	0	4.36	4.4	4.28	0.127	0.493	0.697	0.458	173	2	1	1
EP300	1	3.81	3.73	3.91	-0.178	0.494	-0.694	0.564	132	2	1	1
NF1	1	2.76	2.62	2.77	-0.151	0.496	-0.691	0.633	135	1	1	1
CSNK2A1	0	4.79	4.75	4.87	-0.124	0.498	-0.685	0.499	129	2	1	1
RAB5B	0	5.23	5.25	5.36	-0.113	0.504	-0.676	0.689	138	2	1	1
CD300C	0	0.876	0.914	0.747	0.166	0.505	0.674	0.657	164	2	1	1
MTMR1	0	3.1	3.07	3.19	-0.116	0.505	-0.675	0.24	114	2	1	1
SLC37A2	0	2.25	2.13	2.42	-0.297	0.508	-0.67	0.521	130	2	1	1
PRR5L	0	1.19	1.16	1.28	-0.115	0.512	-0.663	0.254	115	2	1	1
TMEM57	0	4.09	4.05	4.19	-0.143	0.513	-0.663	0.73	139	3	1	1
BCL7A	0	2.3	2.34	2.21	0.128	0.516	0.659	0.438	174	2	1	1
RASGRP3	0	1.72	1.8	1.95	-0.148	0.518	-0.654	0.314	119	2	1	1
TRIM37	0	3.23	3.07	3.21	-0.135	0.519	-0.651	0.479	128	2	1	1
GATA2	1	4.86	5.16	5.46	-0.301	0.522	-0.647	0.856	144	2	1	1
RAB31	0	3.29	3.08	3.35	-0.272	0.522	-0.648	0.542	131	2	1	1
GBP4	0	2.2	2.3	2.53	-0.228	0.528	-0.638	0.283	117	2	1	1
C3AR1	0	2.08	2.11	1.89	0.219	0.532	0.633	0.681	163	2	1	1
RILPL2	0	2.05	2.23	2.34	-0.11	0.533	-0.632	0.681	137	2	1	1
DDX3X	0	5.29	5.29	5.41	-0.118	0.536	-0.626	0.764	140	2	1	1
LUC7L2	0	5.46	5.5	5.63	-0.133	0.538	-0.622	0.419	125	2	1	1
THRA	1	3.13	3.1	3.22	-0.125	0.539	-0.62	0.61	134	2	1	1
NPC2	0	5.59	5.69	5.49	0.203	0.539	0.62	0.526	170	2	1	1
TRIM34	0	1.48	1.44	1.58	-0.143	0.54	-0.621	0.537	131	2	2	1
HSP90AA1	0	8.54	8.42	8.27	0.149	0.541	0.618	0.537	169	4	2	1
HLA-DRA	0	7.8	8.12	7.71	0.407	0.542	0.618	0.689	162	4	2	1
TSPAN14	0	3.05	2.96	3.07	-0.103	0.544	-0.614	0.657	136	2	1	1
EIF4A1	0	8.17	8.26	8.16	0.0978	0.547	0.608	0.516	170	3	2	2
STIP1	0	6.14	5.98	6.08	-0.0974	0.547	-0.609	0.537	131	2	2	1
PHF11	0	2.81	2.89	3.05	-0.16	0.547	-0.609	0.629	135	2	2	1
PTPN11	0	4.28	4.37	4.25	0.123	0.552	0.601	0.499	171	2	1	1
TCN2	0	2.42	2.36	2.17	0.192	0.558	0.591	0.617	166	2	1	1
SELE	0	0.606	0.658	0.541	0.117	0.559	0.592	0.298	182	2	1	1
SMARCD2	0	5.33	5.43	5.33	0.101	0.559	0.59	0.681	163	2	1	1
FAM53C	0	3.78	3.76	3.87	-0.117	0.563	-0.584	0.257	116	2	1	2
IFIT3	0	2.82	2.79	2.63	0.167	0.563	0.585	0.714	162	2	1	1
KITLG	0	2.02	1.92	1.74	0.182	0.564	0.583	0.564	168	2	1	1
SSRP1	1	5.91	5.83	5.73	0.0945	0.565	0.582	0.424	174	2	1	1
KIAA1429	0	3.59	3.37	3.46	-0.083	0.566	-0.58	0.751	140	3	2	1
MRC1	0	1.51	1.54	1.35	0.19	0.57	0.574	0.587	167	2	1	1
ATXN7L3	0	4.28	4.3	4.38	-0.0869	0.571	-0.572	0.254	115	2	1	1
WIPI1	0	3.47	3.39	3.58	-0.187	0.575	-0.567	0.364	122	2	1	1
CCL23	0	0.448	0.314	0.403	-0.0888	0.576	-0.566	0.78	141	1	1	1
SMURF2	0	3.47	3.46	3.56	-0.103	0.577	-0.564	0.681	137	3	1	1
RGP1	0	3.17	3.13	3.24	-0.108	0.577	-0.563	0.803	142	2	1	2
KDM1A	0	5.16	5.1	5	0.102	0.578	0.561	0.629	165	2	2	1
WDR35	0	1.91	1.87	1.99	-0.121	0.578	-0.564	0.961	152	2	1	1
TRPV2	0	2.02	1.96	2.14	-0.184	0.579	-0.561	0.314	119	2	1	1
SLC7A7	0	2.15	2.15	1.95	0.192	0.58	0.559	0.882	155	2	1	1
REPS1	0	3.28	3.32	3.22	0.0935	0.58	0.56	0.479	172	2	1	1
CCL18	0	2.03	2.15	1.79	0.356	0.583	0.554	0.882	145	2	1	1
KHNYN	0	3.41	3.42	3.52	-0.0966	0.584	-0.553	0.633	135	2	1	1
AP2B1	0	5.28	5.15	5.25	-0.101	0.587	-0.548	0.755	140	2	1	1
NR1H3	1	2.73	2.75	2.62	0.127	0.59	0.544	0.908	154	2	1	1
SLC22A23	0	3.52	3.51	3.72	-0.213	0.595	-0.538	0.755	140	2	1	1
AHCTF1	0	3.08	3	3.09	-0.0908	0.599	-0.53	0.521	130	3	1	1
RNASE1	0	4.94	4.95	5.15	-0.202	0.599	-0.531	0.61	134	2	1	1
NAPB	0	2.2	2.18	2.07	0.111	0.602	0.528	0.443	174	2	1	1
HNRNPUL2	0	5.09	5.11	5.21	-0.1	0.603	-0.525	0.61	134	2	1	1
LEO1	0	3.89	4.05	3.95	0.0972	0.607	0.521	0.633	165	2	1	1
SRSF9	0	5.93	6.07	5.98	0.099	0.607	0.521	0.815	158	2	1	1
USP37	0	1.31	1.24	1.14	0.099	0.612	0.513	0.755	160	2	1	1
IRF8	1	1.96	1.91	2.11	-0.203	0.615	-0.509	0.987	149	2	1	1
MMP19	0	1.65	1.47	1.6	-0.13	0.615	-0.509	0.542	131	2	1	1
AKR1C3	0	2.9	2.63	2.88	-0.244	0.616	-0.506	0.217	112	2	1	1
CBLN2	0	0.634	0.255	0.323	-0.0679	0.616	-0.509	0.934	147	2	1	1
PLAU	0	2.49	2.36	2.21	0.145	0.617	0.505	0.908	146	2	1	1
KLHL21	0	2.74	2.8	2.88	-0.0844	0.617	-0.506	0.314	119	2	1	1
NPLOC4	0	4.02	4.03	3.94	0.0901	0.619	0.503	0.934	153	2	1	1
EIF4G2	0	7.53	7.35	7.46	-0.108	0.623	-0.496	0.653	136	2	1	1
RCBTB2	0	2.25	2.35	2.47	-0.121	0.624	-0.495	0.78	141	2	1	1
RLIM	0	3.33	3.37	3.46	-0.0874	0.626	-0.492	0.564	132	2	1	1
TRAFD1	0	3.98	4	4.09	-0.0919	0.627	-0.491	0.764	140	2	1	1
OTUD7B	0	2.52	2.62	2.54	0.0814	0.629	0.487	0.564	168	2	1	1
SAMD9L	0	1.64	1.66	1.8	-0.144	0.629	-0.488	0.542	131	1	1	1
TSR1	0	3.01	3.06	2.97	0.0919	0.63	0.486	0.805	158	2	1	1
CTDSP2	0	5.18	5.11	5.21	-0.104	0.632	-0.483	0.382	123	3	1	1
DRAM1	0	2.35	2.41	2.56	-0.147	0.633	-0.482	0.657	136	2	1	1
LAP3	0	4.88	4.93	4.82	0.112	0.645	0.465	0.564	168	2	1	1
ACTG1	0	10.3	10.1	9.97	0.107	0.648	0.461	0.526	170	8	2	3
PAPSS2	0	2.15	1.89	2.03	-0.144	0.651	-0.457	0.521	130	2	1	1
RNF144A	0	3.12	3.33	3.19	0.137	0.651	0.457	0.633	165	2	1	1
PSIP1	0	4.13	3.98	4.09	-0.108	0.654	-0.452	0.617	134	2	1	1
IL18	0	2.12	2.22	2.02	0.203	0.655	0.451	0.987	151	1	1	1
TAB3	0	3.19	3.38	3.29	0.0946	0.659	0.446	0.828	157	2	1	1
CBFA2T2	0	3.3	3.34	3.22	0.122	0.66	0.444	0.681	163	2	1	1
LY96	0	2.97	3.01	2.81	0.203	0.66	0.444	1	150	2	1	1
RNASE6	0	2.79	2.79	2.97	-0.173	0.663	-0.44	0.681	137	1	1	1
POFUT1	0	3.8	3.79	3.85	-0.0669	0.667	-0.435	0.458	127	2	1	1
RPRD1B	0	3.97	4.02	4.09	-0.0714	0.67	-0.43	0.856	144	3	1	1
FEM1A	0	2.54	2.49	2.58	-0.0835	0.671	-0.429	0.382	123	2	1	1
KBTBD11	0	1.83	1.99	2.11	-0.127	0.671	-0.428	0.633	135	1	1	1
ZNF629	1	2.82	2.77	2.84	-0.0745	0.672	-0.427	0.907	146	3	1	1
COPG2	0	3.08	3.15	3.06	0.0877	0.672	0.427	0.419	175	2	1	1
VAMP5	0	4.18	4.14	4.32	-0.176	0.676	-0.421	0.521	130	1	1	1
UBXN2B	0	3.3	3.26	3.18	0.0791	0.676	0.423	0.777	159	2	2	1
DDI2	0	3.11	3.35	3.26	0.09	0.679	0.417	0.934	147	2	1	1
SCPEP1	0	4.8	4.86	4.96	-0.103	0.681	-0.415	0.73	139	3	1	1
CSDE1	0	7.01	7.11	7.04	0.0719	0.682	0.414	0.516	170	3	1	2
CBX5	0	3.73	3.62	3.72	-0.0964	0.682	-0.413	0.438	126	2	1	1
MS4A7	0	2.45	2.54	2.39	0.148	0.682	0.413	0.961	152	2	1	1
TMED8	0	2.5	2.54	2.46	0.0757	0.686	0.408	0.856	156	2	1	1
TOB2	0	4.62	4.7	4.78	-0.0805	0.686	-0.409	0.78	141	2	1	1
NUP205	0	3.76	3.76	3.68	0.079	0.687	0.406	0.987	149	1	1	1
KLHL11	0	1.67	1.6	1.49	0.109	0.688	0.405	0.587	167	2	1	1
TYROBP	0	5.19	4.96	5.16	-0.204	0.694	-0.397	0.564	132	1	1	1
DNAJC14	0	3.86	3.89	3.82	0.0783	0.695	0.396	0.755	160	2	1	1
C1QB	0	5.49	5.32	5.11	0.207	0.696	0.394	0.908	154	2	1	1
BST2	0	4.96	5.28	5.08	0.199	0.698	0.392	0.961	152	2	1	1
QSOX2	0	3.32	3.39	3.29	0.0991	0.699	0.392	0.657	164	2	1	1
TBX1	1	3.06	3.14	3.32	-0.177	0.701	-0.388	0.73	139	2	1	1
NCL	0	7.18	7.25	7.16	0.085	0.703	0.384	0.61	166	3	1	1
FUS	0	5.38	5.44	5.54	-0.0998	0.703	-0.385	0.803	142	3	1	2
CD33	0	1.08	1.12	0.999	0.121	0.704	0.383	0.79	158	2	1	1
RFX1	1	2.51	2.56	2.62	-0.0634	0.71	-0.375	0.961	148	2	1	1
CMKLR1	0	1.44	1.51	1.42	0.098	0.711	0.373	0.755	160	3	1	1
HIRA	0	3.61	3.68	3.61	0.0687	0.713	0.371	0.443	174	2	1	1
MLKL	0	2.02	2.07	2.19	-0.116	0.713	-0.372	0.881	145	2	2	1
SPNS2	0	1.93	2.01	2.11	-0.0938	0.714	-0.37	0.283	117	2	1	1
SBNO1	0	2.8	2.85	2.79	0.056	0.715	0.369	1	150	2	1	1
TMEM106A	0	1.15	1.19	1.12	0.0762	0.715	0.369	0.542	169	2	1	1
DNASE1L3	0	1.29	1.11	1.24	-0.133	0.717	-0.366	0.61	134	1	1	1
SPI1	1	2.98	2.86	3.02	-0.163	0.72	-0.362	0.73	139	2	1	1
MILR1	0	1.34	1.46	1.35	0.111	0.722	0.359	0.907	154	2	2	2
ADAP2	0	2.22	2.25	2.17	0.0841	0.724	0.357	0.479	172	2	1	1
IL4I1	0	1.22	1.25	1.14	0.108	0.724	0.356	0.61	134	2	1	1
MPEG1	0	2.63	2.61	2.78	-0.162	0.727	-0.352	0.908	146	1	1	1
SLC15A3	0	2.94	2.75	2.88	-0.131	0.732	-0.346	0.479	128	2	1	1
ALKBH5	0	5.28	5.36	5.28	0.0812	0.733	0.344	0.714	162	2	1	1
CPNE5	0	1.24	1.32	1.24	0.0784	0.742	0.332	0.458	127	2	1	1
RAB11FIP4	0	2.26	2.28	2.21	0.0682	0.744	0.33	0.633	165	2	1	1
LSM14B	0	4.41	4.39	4.34	0.0487	0.747	0.325	0.908	154	3	1	1
C10orf128	0	1.28	1.35	1.44	-0.088	0.747	-0.326	0.542	131	2	1	1
PKP4	0	4.07	4	4.06	-0.062	0.749	-0.322	0.61	134	2	1	1
METTL16	0	2.75	2.81	2.77	0.045	0.752	0.319	0.78	159	2	1	1
APOL1	0	3.41	3.43	3.57	-0.146	0.752	-0.318	0.564	132	2	1	1
HAPLN3	0	1.94	1.92	2.02	-0.098	0.753	-0.317	0.364	122	2	1	1
C22orf23	0	1.83	1.89	1.93	-0.0493	0.755	-0.315	1	150	2	1	1
C1QC	0	5.24	5.1	4.95	0.151	0.758	0.311	0.987	151	2	1	1
GNGT2	0	0.834	0.905	0.846	0.0585	0.761	0.307	0.705	138	2	1	1
RTF1	0	4.06	4.2	4.25	-0.0534	0.762	-0.305	0.831	157	2	1	1
GPX7	0	2.73	2.81	2.68	0.128	0.766	0.301	0.987	151	2	1	1
CTSC	0	2.64	2.61	2.73	-0.118	0.767	-0.299	0.419	125	2	1	1
ISCU	0	4.82	4.93	4.99	-0.0584	0.767	-0.299	0.961	152	2	1	1
MAFG	1	2.92	2.83	2.88	-0.0493	0.768	-0.299	0.681	137	3	1	1
TNFSF13	0	3.67	3.88	3.8	0.0858	0.769	0.296	0.657	164	2	1	1
NAGK	0	4.08	4.08	4.02	0.0634	0.771	0.294	0.587	167	2	1	1
GEMIN4	0	2.82	2.87	2.82	0.0495	0.771	0.293	0.633	165	2	1	1
SLC36A4	0	1.63	1.54	1.49	0.0552	0.772	0.293	0.805	158	2	1	1
ZBTB12	1	2.3	2.56	2.47	0.0915	0.775	0.288	0.564	168	1	1	1
LSM14A	0	5.03	5.07	5.13	-0.0541	0.779	-0.283	0.657	136	2	1	1
MYEF2	0	1.94	2.06	1.98	0.0767	0.781	0.281	0.805	158	2	1	1
PSME1	0	7.11	7.04	7.09	-0.0518	0.781	-0.28	0.881	155	3	1	1
ZDHHC5	0	4.7	4.69	4.73	-0.041	0.782	-0.279	0.947	148	2	1	1
APOBEC3G	0	1.94	2	2.11	-0.115	0.783	-0.278	0.359	122	2	1	1
ACLY	0	6.19	6.26	6.35	-0.0889	0.788	-0.272	0.856	144	2	1	1
CCNJ	0	1.8	1.79	1.86	-0.0705	0.79	-0.269	0.987	151	2	1	1
SLC39A7	0	6.35	6.57	6.51	0.0627	0.79	0.269	0.587	167	2	1	1
SLC25A25	0	3.1	3.09	3.14	-0.0441	0.792	-0.265	0.78	141	2	1	1
ADPRH	0	1.67	1.84	1.78	0.0569	0.794	0.263	0.908	154	2	1	1
SET	0	6.82	6.83	6.79	0.0412	0.795	0.262	0.701	162	3	2	2
PUM1	0	4.42	4.44	4.39	0.047	0.798	0.258	0.61	166	2	1	1
PHF13	0	3.03	3.03	2.98	0.0482	0.799	0.257	0.499	171	2	1	1
FNBP1L	0	4.12	4.18	4.11	0.0778	0.802	0.253	0.521	170	2	1	1
GPR68	0	1.09	1.18	1.25	-0.0673	0.803	-0.251	0.856	144	2	1	1
HMOX1	0	4.01	3.71	3.6	0.114	0.805	0.249	0.934	147	2	1	1
DNAJC6	0	1.02	0.862	0.803	0.0584	0.81	0.242	0.505	170	3	1	1
RNF168	0	2.67	2.62	2.57	0.043	0.811	0.242	0.961	152	2	1	1
CASZ1	1	3.58	3.67	3.77	-0.1	0.813	-0.239	0.856	144	2	1	1
LGALS9	0	3.11	3.02	3.11	-0.0903	0.813	-0.238	0.364	122	2	1	1
CCRL2	0	1.04	1.1	1.03	0.0626	0.814	0.238	0.856	144	2	1	1
ZNF146	1	4.87	4.88	4.93	-0.053	0.816	-0.235	0.705	138	2	1	1
FCGR3A	0	3.32	3.25	3.14	0.11	0.816	0.234	0.831	157	1	1	1
TRIM44	0	3.27	3.27	3.24	0.0378	0.816	0.235	0.78	159	2	1	1
PRR14L	0	2.6	2.55	2.6	-0.0499	0.817	-0.233	0.961	148	2	1	1
CARD16	0	2.33	2.39	2.5	-0.106	0.817	-0.233	0.364	122	2	1	1
CTSB	0	6.5	6.34	6.43	-0.0964	0.818	-0.231	0.934	147	2	1	1
CYSLTR1	0	1.03	1.15	1.09	0.0641	0.819	0.231	0.61	134	2	1	1
GANAB	0	7.06	7.13	7.09	0.0405	0.822	0.227	0.701	162	4	1	1
LYVE1	0	0.986	0.935	0.99	-0.0542	0.831	-0.215	0.438	126	2	1	1
TRAPPC1	0	5.74	5.81	5.86	-0.0469	0.831	-0.216	0.934	147	2	1	1
SPTLC2	0	3.27	3.29	3.34	-0.0434	0.834	-0.212	0.987	151	2	1	1
CKAP5	0	4.42	4.26	4.22	0.0431	0.836	0.208	1	150	3	1	1
CXCL9	0	2.53	2.65	2.51	0.141	0.836	0.208	0.499	129	1	1	1
KHSRP	0	5.55	5.54	5.5	0.0396	0.836	0.209	0.934	153	2	1	2
TNFSF13B	0	1.67	1.79	1.72	0.0719	0.837	0.207	0.908	146	2	1	1
DKC1	0	4.77	4.75	4.79	-0.0434	0.839	-0.205	0.633	165	2	1	1
HLA-DOA	0	1.96	2.25	2.16	0.0917	0.84	0.204	0.882	145	2	1	1
AHSA1	0	5.86	5.86	5.82	0.042	0.84	0.204	0.564	168	2	1	1
KPNB1	0	5.56	5.48	5.52	-0.0404	0.841	-0.202	0.934	147	2	1	1
LIPA	0	4.44	4.42	4.49	-0.0702	0.841	-0.202	0.499	129	2	1	1
CYTL1	0	1.02	0.989	1.04	-0.0544	0.841	-0.203	0.681	137	2	1	1
LY86	0	2	2.11	2.03	0.0732	0.845	0.197	0.908	146	2	1	1
GALM	0	2.64	2.58	2.66	-0.0853	0.849	-0.192	0.831	143	1	1	1
STARD8	0	1.35	1.36	1.4	-0.0342	0.851	-0.189	0.521	130	2	1	1
DOK2	0	1.77	1.77	1.84	-0.0688	0.852	-0.188	0.831	143	1	1	1
NFIC	1	4.63	4.66	4.72	-0.0558	0.853	-0.187	0.856	144	1	1	1
NUP155	0	2.82	2.63	2.66	-0.0386	0.854	-0.185	0.882	145	2	1	1
AVL9	0	3.43	3.54	3.51	0.0323	0.856	0.183	0.855	156	2	1	1
SLC7A1	0	3.65	3.61	3.67	-0.0555	0.856	-0.182	0.805	142	2	1	1
RFFL	0	2.55	2.63	2.59	0.0362	0.856	0.183	0.882	155	2	1	1
CAPG	0	4.05	3.89	3.99	-0.0934	0.862	-0.175	0.755	140	2	1	1
BRD3	0	3.51	3.53	3.49	0.0373	0.863	0.173	0.882	155	2	1	1
KIAA1147	0	3.43	3.52	3.56	-0.0384	0.863	-0.174	0.831	143	3	1	1
UBE2H	0	4.77	4.97	5	-0.0326	0.866	-0.17	0.828	143	2	2	1
SUSD5	0	0.588	0.688	0.654	0.0333	0.867	0.169	0.961	148	2	1	1
CASP4	0	3.72	3.65	3.71	-0.0556	0.867	-0.169	1	150	2	1	1
SMCR8	0	2.84	2.89	2.85	0.0382	0.868	0.168	0.78	159	2	1	1
TRAM2	0	2.87	2.83	2.86	-0.0318	0.868	-0.168	0.755	140	2	1	1
C1QA	0	5.23	5.11	5.02	0.0867	0.87	0.165	0.987	151	2	1	1
DDHD1	0	1.27	1.2	1.23	-0.0291	0.87	-0.166	0.73	161	2	1	1
DNAJC5	0	4.8	4.76	4.79	-0.0271	0.872	-0.163	0.805	142	2	1	1
ADNP	1	4.53	4.6	4.58	0.0255	0.874	0.16	0.973	152	2	1	1
DAB2	0	3.29	3.29	3.24	0.0501	0.875	0.158	1	150	2	1	1
ZFP3	1	1.9	1.98	1.95	0.0229	0.877	0.156	0.755	160	2	1	1
RBP7	0	3.3	3.28	3.21	0.0707	0.877	0.156	0.908	146	1	1	1
CCT8	0	6.45	6.49	6.52	-0.0307	0.878	-0.155	0.855	144	2	1	2
PSAP	0	8.69	8.71	8.75	-0.0431	0.878	-0.154	0.92	154	3	2	1
USP22	0	5.82	5.87	5.83	0.0382	0.879	0.154	0.78	159	2	1	1
SCARF1	0	2.17	2.28	2.32	-0.0377	0.88	-0.152	0.856	144	2	1	1
MED1	0	3.12	3.04	3.06	-0.0285	0.881	-0.151	0.908	146	2	1	1
HDGF	0	6.47	6.43	6.4	0.0333	0.881	0.151	0.582	167	2	1	2
MS4A6A	0	3.13	3.07	3.01	0.0644	0.882	0.149	0.934	147	2	1	1
LAIR1	0	1.84	1.84	1.89	-0.0539	0.882	-0.15	0.73	139	2	1	1
OLR1	0	1.33	1.19	1.14	0.0594	0.882	0.15	0.868	144	2	2	1
KCTD12	0	3.74	3.97	4.03	-0.0567	0.883	-0.148	0.987	151	1	1	1
GPR107	0	4.35	4.39	4.42	-0.0278	0.885	-0.145	0.987	151	2	1	1
SPHK1	0	1.9	1.84	1.8	0.0427	0.889	0.141	0.973	148	2	1	1
IFI35	0	4.27	4.2	4.24	-0.0447	0.889	-0.14	1	150	2	1	1
NPEPPS	0	5.03	4.99	5.02	-0.0238	0.89	-0.139	1	150	3	1	1
UNC119B	0	4.11	4.22	4.19	0.0311	0.891	0.138	0.856	144	2	1	1
WASF1	0	2.5	2.4	2.36	0.0409	0.891	0.138	0.657	164	2	1	1
SMC1A	0	3.74	3.6	3.58	0.0246	0.897	0.131	0.755	140	2	1	1
GOSR1	0	3.49	3.56	3.58	-0.0211	0.898	-0.13	1	150	2	1	1
ZNF764	1	2.51	2.49	2.51	-0.0188	0.901	-0.125	0.881	145	2	2	1
PRPF19	0	6.29	6.29	6.26	0.0208	0.902	0.125	0.582	167	2	2	1
IL18BP	0	2.1	2.1	2.13	-0.0277	0.906	-0.119	0.605	134	2	1	2
TRIM24	0	3.09	3.11	3.09	0.0193	0.907	0.119	0.828	157	2	2	1
COTL1	0	5.78	5.86	5.9	-0.0408	0.91	-0.114	0.856	144	2	1	1
HLA-DRB5	0	4.16	4.38	4.29	0.0874	0.912	0.111	0.987	151	3	1	1
ABHD2	0	5.17	5.27	5.32	-0.0465	0.913	-0.11	0.961	148	2	1	1
CECR1	0	2.69	2.76	2.81	-0.0503	0.913	-0.111	0.805	142	2	1	1
SART3	0	3.89	3.91	3.89	0.0164	0.914	0.109	0.803	142	2	2	1
VWA5A	0	1.12	1.17	1.2	-0.0278	0.915	-0.107	0.777	141	2	2	1
APOE	0	7.52	7.27	7.33	-0.0616	0.917	-0.105	0.805	142	2	1	1
IFI27L2	0	2.8	2.75	2.79	-0.0425	0.924	-0.0963	0.438	126	2	1	1
BAZ1B	0	4.41	4.43	4.44	-0.0176	0.926	-0.0936	0.961	148	2	1	1
PDPK1	0	3.15	3.21	3.19	0.0156	0.926	0.094	0.987	149	2	2	1
CYB5D1	0	2.82	2.95	2.97	-0.0188	0.93	-0.0888	0.92	154	2	1	1
U2AF2	0	5.97	6	5.99	0.0128	0.931	0.0877	0.73	161	3	1	1
RPL3	0	10.8	11	11	0.0225	0.933	0.0852	0.515	130	7	3	2
HNRNPA1	0	7.91	7.92	7.93	-0.0179	0.937	-0.0802	0.856	156	3	1	1
ACP5	0	4.21	4.18	4.24	-0.0601	0.938	-0.0788	0.681	137	2	1	1
PACSIN2	0	4.71	4.9	4.89	0.0167	0.943	0.0724	0.934	153	2	1	1
SAMSN1	0	1.46	1.52	1.49	0.0276	0.943	0.0726	0.934	153	2	1	1
EPSTI1	0	1.81	1.82	1.8	0.0205	0.944	0.0706	0.73	139	2	1	1
TFIP11	0	2.77	2.74	2.75	-0.00954	0.947	-0.0664	0.92	154	2	1	1
NUP62	0	4.11	4.02	4.03	-0.00995	0.95	-0.0633	0.73	139	1	1	1
URI1	0	4.68	4.66	4.65	0.0082	0.952	0.0606	0.705	162	2	1	1
TANC2	0	2.35	2.25	2.23	0.0161	0.954	0.0581	0.908	154	2	1	1
CETP	0	1.18	1.15	1.17	-0.0153	0.957	-0.054	0.542	131	1	1	1
BCL2L2	0	4.21	4.47	4.46	0.00837	0.961	0.0488	0.882	145	2	1	1
GAS7	0	1.23	1.31	1.32	-0.0119	0.964	-0.0455	0.987	149	2	1	1
TTI1	0	3.43	3.31	3.3	0.00709	0.968	0.0403	0.594	166	2	1	1
NNMT	0	3.63	3.53	3.55	-0.0198	0.97	-0.0382	0.777	141	2	2	1
SRSF1	0	6.11	6.14	6.13	0.00621	0.973	0.0345	0.96	152	2	1	2
SLC2A5	0	0.784	0.737	0.744	-0.00756	0.976	-0.0306	0.633	165	2	1	1
MFSD1	0	4.78	4.91	4.91	0.00511	0.977	0.0291	0.987	151	2	1	1
SLCO2B1	0	2.85	2.76	2.75	0.00913	0.98	0.0249	0.934	153	2	1	1
ATG13	0	4.32	4.29	4.29	0.00483	0.98	0.0259	0.907	146	2	1	1
DCAF7	0	4.8	4.88	4.89	-0.00475	0.981	-0.0238	0.934	153	2	1	1
DNAJC7	0	5.04	5.09	5.08	0.00342	0.983	0.0219	0.61	166	2	1	1
TLK2	0	3.35	3.34	3.34	0.00292	0.984	0.0207	0.681	137	3	1	1
IFI30	0	6.16	6.04	6.03	0.00875	0.985	0.0186	0.882	155	2	1	1
CD68	0	5.14	4.95	4.94	0.00724	0.988	0.0148	0.908	146	2	1	1
ANP32A	0	5.89	6	6	-0.00247	0.989	-0.0139	0.894	154	4	1	1
KHDRBS1	0	5.75	5.69	5.69	-0.00239	0.99	-0.0132	0.633	165	2	1	1
SLC16A7	0	0.492	0.43	0.432	-0.00159	0.99	-0.0123	0.61	134	2	1	1
YWHAG	0	6.05	6.17	6.18	-0.00285	0.99	-0.0129	0.934	147	2	1	1
GTF2F1	1	5.05	5.07	5.07	-0.0014	0.994	-0.00817	0.831	143	2	1	1
STAB1	0	2.86	2.75	2.75	-0.00245	0.994	-0.00761	0.831	143	2	1	1
HEXA	0	3.4	3.35	3.35	0.00254	0.994	0.00695	0.805	158	2	1	1
MDFIC	0	2.11	2.37	2.37	0.00247	0.995	0.00673	0.479	128	2	1	1
TRIM25	0	4.05	4.1	4.1	-0.000325	0.998	-0.00197	0.894	154	2	1	1
CPXM1	0	2.08	2	2	0.000737	0.998	0.0023	1	150	2	1	1
CASP1	0	2.06	2.11	2.11	0.000549	0.999	0.00129	0.934	153	2	1	1
